20.68 
20.66 
20.68 
20.68 
20.89 
24.94 
24.93 
22.91 
24.99 
25.03 
25.02 
24.98 
23.39 
25.16 
25.16 
25.18 
25.13 
25.32 
25.32 
22.12 
25.31 
25.32 
25.32 
25.32 
22.14 
25.34 
25.32 
24.99 
25.06 
24.89 
25.16 
22.90 
25.09 
25.10 
25.16 
24.94 
21.28 
25.07 
25.07 
25.30 
25.31 
25.30 
25.31 
25.26 
25.29 
25.30 
25.29 
25.30 
22.55 
25.15 
25.00 
25.30 
25.28 
23.49 
25.08 
25.02 
24.94 
24.90 
25.28 
25.29 
24.39 
25.31 
25.30 
25.03 
25.04 
23.52 
25.29 
25.26 
25.28 
25.29 
24.92 
25.29 
25.29 
25.27 
25.26 
25.24 
25.25 
23.52 
24.95 
24.81 
24.88 
24.77 
23.20 
25.28 
25.29 
24.91 
24.96 
25.29 
25.29 
25.30 
24.99 
25.03 
25.30 
25.31 
20.80 
25.30 
25.29 
24.97 
24.99 
22.23 
25.30 
25.29 
25.31 
25.31 
25.32 
25.32 
23.63 
25.31 
25.32 
25.30 
25.32 
20.70 
25.31 
25.32 
25.30 
25.31 
25.31 
25.30 
24.52 
25.31 
25.32 
25.31 
25.30 
21.53 
25.31 
25.32 
25.10 
25.09 
22.05 
25.31 
25.31 
25.30 
25.30 
24.57 
25.30 
25.30 
25.30 
25.32 
25.32 
25.32 
21.23 
25.08 
