 
 9.94 
 9.92 
 9.86 
 9.93 
 9.93 
 9.93 
15.53 
 9.93 
 9.91 
10.27 
20.84 
20.92 
20.88 
12.41 
21.03 
21.04 
20.94 
16.08 
20.87 
20.82 
20.86 
21.68 
20.91 
20.85 
20.86 
20.81 
22.46 
20.90 
19.75 
21.01 
21.19 
21.06 
16.81 
21.01 
20.94 
21.01 
20.88 
20.99 
21.07 
21.05 
20.84 
21.02 
20.97 
20.98 
21.01 
21.20 
23.40 
12.27 
21.00 
21.08 
20.97 
16.37 
20.97 
21.06 
21.01 
21.17 
21.25 
21.15 
21.19 
20.96 
21.33 
21.17 
19.66 
20.81 
21.03 
20.99 
21.35 
20.86 
21.04 
20.96 
20.78 
20.86 
20.92 
20.83 
20.88 
21.19 
21.10 
20.98 
21.14 
21.24 
21.12 
11.06 
21.28 
21.37 
21.32 
17.91 
23.71 
21.11 
21.03 
21.04 
21.20 
21.12 
21.21 
20.99 
21.06 
21.08 
18.55 
21.01 
21.20 
21.20 
17.68 
20.93 
21.08 
21.07 
21.07 
21.15 
21.73 
21.00 
21.01 
21.28 
21.26 
21.27 
20.91 
21.13 
20.93 
10.86 
21.05 
21.08 
21.08 
19.14 
21.01 
21.12 
21.13 
21.09 
