cpu power,cpu frequency,client price,expect power
37.740000,1400000,1352,22.015000
42.390000,1300000,1449,22.961250
42.490000,1300000,1457,23.015417
42.480000,1300000,1452,23.010000
42.570000,1300000,1454,23.058750
42.480000,1300000,1457,23.010000
42.360000,1300000,1458,22.945000
42.510000,1300000,1461,23.026250
42.720000,1300000,1436,23.140000
42.600000,1300000,1457,23.075000
42.500000,1400000,1401,24.791667
42.740000,1300000,1466,23.150833
42.530000,1300000,1447,23.037083
42.730000,1300000,1462,23.145417
42.550000,1300000,1460,23.047917
42.620000,1300000,1458,23.085833
42.470000,1600000,1332,28.313333
42.700000,1300000,1463,23.129167
42.520000,1300000,1460,23.031667
42.430000,1300000,1452,22.982917
42.600000,1600000,1333,28.400000
43.140000,1200000,1474,21.570000
43.210000,1200000,1483,21.605000
43.280000,1300000,1471,23.443333
43.520000,1200000,1475,21.760000
43.650000,1200000,1485,21.825000
43.380000,1300000,1468,23.497500
34.380000,1600000,1269,22.920000
42.970000,1300000,1464,23.275417
42.980000,1300000,1465,23.280833
43.190000,1300000,1441,23.394583
42.270000,1300000,1441,22.896250
42.770000,1300000,1455,23.167083
42.650000,1400000,1409,24.879167
42.910000,1300000,1466,23.242917
43.360000,1200000,1479,21.680000
43.300000,1200000,1475,21.650000
43.380000,1200000,1478,21.690000
43.230000,1300000,1470,23.416250
43.300000,1300000,1466,23.454167
8.790000,2400000,803,8.790000
42.740000,1300000,1462,23.150833
42.570000,1500000,1371,26.606250
42.660000,1300000,1450,23.107500
42.460000,1300000,1457,22.999167
42.430000,1300000,1454,22.982917
42.340000,1200000,1467,21.170000
42.690000,1300000,1465,23.123750
42.980000,1200000,1474,21.490000
42.700000,1200000,1480,21.350000
42.730000,1300000,1449,23.145417
42.930000,1200000,1475,21.465000
42.800000,1300000,1436,23.183333
11.170000,2400000,845,11.170000
