cpu power,cpu frequency,client price,expect power
6.010000,1800000,1052,4.507500
5.390000,1800000,1149,4.042500
5.390000,1800000,1157,4.042500
5.360000,1800000,1152,4.020000
5.530000,1800000,1154,4.147500
5.410000,1800000,1157,4.057500
5.620000,1800000,1158,4.215000
5.560000,1800000,1161,4.170000
3.500000,1800000,1136,2.625000
5.410000,1800000,1157,4.057500
5.340000,1800000,1101,4.005000
5.330000,1800000,1166,3.997500
5.340000,1800000,1147,4.005000
5.340000,1800000,1162,4.005000
5.330000,1800000,1160,3.997500
5.330000,1800000,1158,3.997500
5.410000,1800000,1032,4.057500
5.330000,1800000,1163,3.997500
5.360000,1800000,1160,4.020000
5.380000,1800000,1152,4.035000
5.370000,1800000,1033,4.027500
5.340000,1800000,1174,4.005000
5.340000,1800000,1183,4.005000
5.330000,1800000,1171,3.997500
5.340000,1800000,1175,4.005000
5.320000,1800000,1185,3.990000
5.330000,1800000,1168,3.997500
5.330000,1800000,969,3.997500
5.330000,1800000,1164,3.997500
5.330000,1800000,1165,3.997500
3.470000,1800000,1141,2.602500
5.350000,1800000,1141,4.012500
5.410000,1800000,1155,4.057500
5.370000,1800000,1109,4.027500
5.410000,1800000,1166,4.057500
5.590000,1800000,1179,4.192500
5.570000,1800000,1175,4.177500
5.580000,1800000,1178,4.185000
5.380000,1800000,1170,4.035000
5.380000,1800000,1166,4.035000
5.360000,2400000,703,5.360000
5.380000,1800000,1162,4.035000
5.360000,1800000,1071,4.020000
5.330000,1800000,1150,3.997500
5.890000,1800000,1157,4.417500
5.370000,1800000,1154,4.027500
6.340000,1800000,1167,4.755000
6.130000,1800000,1165,4.597500
5.460000,1800000,1174,4.095000
6.400000,1800000,1180,4.800000
5.820000,1800000,1149,4.365000
5.910000,1800000,1175,4.432500
3.890000,1800000,1136,2.917500
5.340000,2400000,745,5.340000
