cpu power,cpu frequency,client price,expect power
11.960000,1800000,1052,8.970000
12.120000,1800000,1149,9.090000
11.900000,1800000,1157,8.925000
12.040000,1800000,1152,9.030000
11.770000,1800000,1154,8.827500
11.890000,1800000,1157,8.917500
12.010000,1800000,1158,9.007500
11.780000,1800000,1161,8.835000
12.030000,1800000,1136,9.022500
12.240000,1800000,1157,9.180000
12.100000,1800000,1101,9.075000
11.930000,1800000,1166,8.947500
11.850000,1800000,1147,8.887500
11.780000,1800000,1162,8.835000
12.030000,1800000,1160,9.022500
11.900000,1800000,1158,8.925000
11.830000,1800000,1032,8.872500
12.090000,1800000,1163,9.067500
11.880000,1800000,1160,8.910000
11.820000,1800000,1152,8.865000
4.920000,1800000,1033,3.690000
11.860000,1800000,1174,8.895000
11.970000,1800000,1183,8.977500
11.990000,1800000,1171,8.992500
12.020000,1800000,1175,9.015000
12.040000,1800000,1185,9.030000
11.810000,1800000,1168,8.857500
11.870000,1800000,969,8.902500
11.880000,1800000,1164,8.910000
12.070000,1800000,1165,9.052500
11.780000,1800000,1141,8.835000
11.860000,1800000,1141,8.895000
11.820000,1800000,1155,8.865000
11.780000,1800000,1109,8.835000
11.870000,1800000,1166,8.902500
11.790000,1800000,1179,8.842500
11.910000,1800000,1175,8.932500
11.830000,1800000,1178,8.872500
11.820000,1800000,1170,8.865000
11.890000,1800000,1166,8.917500
11.830000,2400000,703,11.830000
11.830000,1800000,1162,8.872500
7.110000,1800000,1071,5.332500
11.870000,1800000,1150,8.902500
11.810000,1800000,1157,8.857500
11.910000,1800000,1154,8.932500
11.810000,1800000,1167,8.857500
11.790000,1800000,1165,8.842500
11.900000,1800000,1174,8.925000
11.830000,1800000,1180,8.872500
12.090000,1800000,1149,9.067500
11.870000,1800000,1175,8.902500
11.840000,1800000,1136,8.880000
11.790000,2400000,745,11.790000
