cpu power,cpu frequency,client price,expect power
7.450000,1800000,1052,5.587500
7.130000,1800000,1149,5.347500
7.660000,1800000,1157,5.745000
7.300000,1800000,1152,5.475000
7.370000,1800000,1154,5.527500
7.660000,1800000,1157,5.745000
7.540000,1800000,1158,5.655000
7.840000,1800000,1161,5.880000
7.980000,1800000,1136,5.985000
7.160000,1800000,1157,5.370000
4.400000,1800000,1101,3.300000
7.860000,1800000,1166,5.895000
7.150000,1800000,1147,5.362500
7.780000,1800000,1162,5.835000
7.720000,1800000,1160,5.790000
7.610000,1800000,1158,5.707500
0.770000,1800000,1032,0.577500
7.600000,1800000,1163,5.700000
7.840000,1800000,1160,5.880000
7.580000,1800000,1152,5.685000
7.590000,1800000,1033,5.692500
7.860000,1800000,1174,5.895000
8.180000,1800000,1183,6.135000
7.380000,1800000,1171,5.535000
7.240000,1800000,1175,5.430000
7.640000,1800000,1185,5.730000
7.230000,1800000,1168,5.422500
8.060000,1800000,969,6.045000
7.520000,1800000,1164,5.640000
7.370000,1800000,1165,5.527500
7.870000,1800000,1141,5.902500
7.150000,1800000,1141,5.362500
7.250000,1800000,1155,5.437500
4.890000,1800000,1109,3.667500
7.610000,1800000,1166,5.707500
7.670000,1800000,1179,5.752500
7.440000,1800000,1175,5.580000
7.530000,1800000,1178,5.647500
7.530000,1800000,1170,5.647500
7.110000,1800000,1166,5.332500
7.770000,2400000,703,7.770000
7.720000,1800000,1162,5.790000
7.550000,1800000,1071,5.662500
7.130000,1800000,1150,5.347500
7.280000,1800000,1157,5.460000
7.600000,1800000,1154,5.700000
7.590000,1800000,1167,5.692500
7.240000,1800000,1165,5.430000
7.930000,1800000,1174,5.947500
7.760000,1800000,1180,5.820000
6.310000,1800000,1149,4.732500
7.600000,1800000,1175,5.700000
7.650000,1800000,1136,5.737500
7.210000,2400000,745,7.210000
